00000000000000000000000000000000
10000000000000001100000000010001
00000000001111111101010000100100
01000000000000010101110000110110
01111111111001110010010001001000
11000000000000001101100001011010
00000000000110010011000001101011
00000000000000111111100001111101
00000000000000001000010010000000
00000000000000010101000010010011
00000000000011001001110010100110
00000000000001100110010010111000
00000000000000110010110011001010
00000000000000111111100011011101
00000000000001111000010011100000
00000000000000111100110011110010
10000000000010000100000100000100
10000000001001011001000100010101
00000000001100100001110100100110
00111111111100111010010100111000
00000000111110100010110101001010
00111111100000110011010101011100
00000001111101000011110101101110
00111111000001100000010101110000
