00001100000011100100000110110000
00000000000000000000000011011110
00000000000000000011100100101111
00000000000000001011110001001111
00000000000000000111100100101010
00000000000000000000000110001010
00000000000000001011100000101110
00000000000000000011100100101101
10000000000010000100000100000101
10000000000011001000010100000110
11000000000000000100000010010111
01000000000000001001110010010111
01000000000000001101110010010111
00000000000000000011010100011000
10000000000000010100000000010001
00000000000000100000010000010001
00000000000000011100010011100001
00000000000000001000010000010001
00000000000000011000100000010010
00000000000000110100100000010010
00000000000000101100100011100010
00000000000000001100100001101010
00000000000000101000100000010010
00000000000000011100110000010011
00000000000000100000110000010011
00000000000001000100110011100011
00000000000000000001000011111010
00000000000000101000110000010011
00000000000000000101000000010100
00000000000000110101000000010100
00000000000001001101000011100100
00000000000000010101010001101010
00000000000000101001000010010100
00000000000000000111100000101110
00000000000001110111110101011110
00000000000000000011100100101101
00000000000011001000010100000101
00000000000100001100100100000110
00000000000000001000010010010111
00000000000000001101110010010111
00000000000000010001110010010111
00000000000000000011010100011000
00000000000000010100010000010001
00000000000000100000010000010001
00000000000000011100010011100001
00000000000000001000010000010001
00000000000000011000100000010010
00000000000000110100100000010010
00000000000000101100100011100010
00000000000000001100100001101010
00000000000000101000100000010010
00000000000000011100110000010011
00000000000000100000110000010011
00000000000001000100110011100011
00000000000000000001000011111010
00000000000000101000110000010011
00000000000000000101000000010100
00000000000000110101000000010100
00000000000001001101000011100100
00000000000000010101010001101010
00000000000000101001000010010100
00111111111110001100000101000000
00000000000000000000010110010001
00000000000000000000100110010010
00000000000000000000110110010011
00000000000000000001000110010100
00000000000000000011100100100101
00000000000000000111100100100110
00000000000000001011100100100111
00000000000000001111100100101000
00000000000000010100010110100001
00000000000000011000100110100010
00000000000000011100110110100011
00000000000000100001000110100100
00000000000000001000010001110001
00000000000000001100010001110001
00000000000000010000010001110001
00000000000000000000000000000000
00000000000000000000000000000000
00000000000000000000010100111110
00000000000000000100000100111110
00000000000000001000000100111110
00000000000000001100000100111110
